2805.0862,-1180.9579,25.4536
2530.4785,-1063.5999,69.5695
2042.9279,-1013.6509,39.7422
1497.0605,-689.1375,95.1092
1255.1125,-803.2986,84.1406
829.4501,-858.8712,70.1248
699.3003,-1059.2599,49.4217
299.0901,-1155.5858,80.9099
315.2544,-1772.5730,4.6776
333.3540,-1519.2587,35.8672
763.0789,-1564.3256,13.5536
986.0850,-1095.0150,27.6041
1109.6948,-972.4279,42.7656
1438.9014,-927.2687,39.6406
1656.6252,-1076.3080,23.8984
1956.1605,-1116.0430,27.8305
2224.1555,-1240.3496,25.1478
2338.8757,-1289.3113,27.9766
2436.4819,-1303.6724,24.6679
2450.9358,-1493.6650,24.0000
2519.8420,-1678.7356,14.8524
2507.6228,-2019.1085,13.5469
1957.7228,-2183.6519,13.5469
1857.9117,-2042.3588,13.5469
1734.1467,-2099.2144,13.8666
2511.4326,-2589.3069,13.6443
2785.9890,-2417.7148,13.6341
2261.2937,-1930.7488,12.8935
2105.2878,-1913.1111,13.3828
1833.2399,-1681.1813,13.4816
1665.9006,-1559.9375,13.5469
1125.5248,-1372.0935,13.9844
1289.0425,-1134.7928,23.8281
2842.1575,-1335.5879,14.7421
2767.4480,-1610.6735,10.9219
2753.1375,-1308.9150,53.0938
2789.2317,-2494.3286,13.6485
2509.4431,-1679.9254,13.5469
1544.2460,-1359.1956,329.4643
1013.5293,-1030.5001,32.0392
154.3016,-1942.1782,3.7734
1683.1699,-2311.8606,13.5469
1879.8899,-1389.7712,13.5703
1265.0380,-803.7556,88.3125
2783.9766,-1858.4088,9.8165
1751.1097,-2106.4529,13.5469 
2652.6418,-1989.9175,13.9988 
2489.5225,-1957.9258,13.5881 
2689.5203,-1695.9354,10.0517 
2770.5393,-1628.3069,12.1775 
2807.9282,-1176.8883,25.3805 
2552.5417,-958.0850,82.6345 
2232.1309,-1159.5679,25.8906 
2388.1003,-1279.8933,25.1291 
2481.1885,-1536.7186,24.1467 
2495.0720,-1687.5278,13.5150 
2306.8252,-1675.4340,13.9221 
2191.8403,-1455.8251,25.5391 
1830.1359,-1092.1849,23.8656 
2015.3630,-1717.2535,13.5547 
1654.7091,-1656.8516,22.5156 
1219.0851,-1812.8058,16.5938 
1508.6849,-1059.0846,25.0625 
1421.0819,-885.3383,50.6531 
1133.8237,-1272.1558,13.5469 
1235.2196,-1608.6111,13.5469 
590.4648,-1252.2269,18.2116 
842.5260,-1007.7679,28.4185 
911.9332,-1232.6490,16.9766 
477.6021,-1496.6207,20.4345 
255.4621,-1366.3256,53.1094 
281.5446,-1261.4562,73.9319 
790.1918,-839.8533,60.6328 
1299.1859,-801.4249,84.1406 
1240.3170,-2036.6886,59.9575 
2215.5181,-2627.8174,13.5469 
2509.4346,-2637.6543,13.6453
-2027.31,-52.52002,35.36787
-1616.0839,685.8605,7.1875
-2416.532,333.3283,34.96875
-2233.179,605.3428,37.35936
-2310.585,725.8716,49.43679
-2539.836,836.675,52.09375
-2207.0391,1036.5848,80.0078
-2671.8718,260.1898,4.6328
-2625.486,1408.049,7.101563
-1830.453,654.2467,30.43128
-2305.0908,814.3279,48.2070
-2451.2314,899.1155,58.4800
-2126.086,-136.0137,35.32031
-1983.151,138.7324,27.68746
-1967.3479,286.0576,35.1727
-1989.6471,711.8321,46.5625
-2018.0929,970.2704,45.4453
-2062.5583,237.4662,36.2890
-2653.6443,1388.2767,8.0739
-2642.2583,-274.9985,8.3506
-2188.8037,609.8431,36.2624
-1754.9976,958.5851,25.8386
-2665.4282,635.6348,16.0054
-1635.0077,665.8105,8.4054
-1830.9324,638.9214,31.3054
-2664.8037,938.6110,80.7618
-2015.0903,153.0959,27.6875
-1442.9570,-279.0339,14.1484
-2787.5466,241.4044,7.1875
-1752.8690,947.0851,24.8828
-2636.6431,1353.0575,7.1292
-2167.4729,-424.2656,35.3359
-2262.3223,2302.2454,4.8202
-2723.4639,-314.8138,7.1839  
-2694.5344,64.5550,4.3359  
-2458.2000,134.5419,35.1719  
-2796.6589,219.5733,7.1875  
-2706.5261,397.7129,4.3672  
-2866.7683,691.9363,23.4989  
-2764.9543,785.6434,52.7813  
-2660.9402,883.2115,79.7738  
-2861.0796,1047.7109,33.6068 
-2629.2009,1383.1367,7.1833  
-2079.6802,1430.0189,7.1016  
-1660.2294,1382.6698,9.8047 
-1674.1964,430.3246,7.1797  
-1954.9982,141.8080,27.1747  
-1956.1447,287.1091,35.4688  
-1888.1117,615.7245,35.1719  
-1922.5566,886.8939,35.3359  
-1983.3458,1117.0645,53.1243  
-2417.6458,970.1491,45.2969  
-2108.0171,902.8030,76.5792  
-2097.5664,658.0771,52.3672  
-2263.6650,393.7423,34.7708  
-2287.5027,149.1875,35.3125  
-2039.3571,-97.7205,35.1641  
-1867.5022,-141.9203,11.8984  
-1537.8992,116.0441,17.3226  
-1708.4763,7.0187,3.5489  
-1427.0858,-288.9430,14.1484  
-2173.0654,-392.7444,35.3359  
-2320.5286,-180.3870,35.3135  
-2930.0049,487.2518,4.9141
1958.3783,1343.1572,15.3746
2199.6531,1393.3678,10.8203
2483.5977,1222.0825,10.8203
2637.2712,1129.2743,11.1797
2000.0106,1521.1111,17.0625
2024.8190,1917.9425,12.3386
2261.9048,2035.9547,10.8203
2262.0986,2398.6572,10.8203
2244.2566,2523.7280,10.8203
2335.3228,2786.4478,10.8203
2150.0186,2734.2297,11.1763
2158.0811,2797.5488,10.8203
1969.8301,2722.8564,10.8203
1652.0555,2709.4072,10.8265
1564.0052,2756.9463,10.8203
1271.5452,2554.0227,10.8203
1441.5894,2567.9099,10.8203
1480.6473,2213.5718,11.0234
1400.5906,2225.6960,11.0234
1598.8419,2221.5676,11.0625
1318.7759,1251.3580,10.8203
1558.0731,1007.8292,10.8125
1705.2347,1025.6808,10.8203
1364.2782,1928.2811,16.6928
1050.0034,1843.1744,13.8222
2002.1711,1914.0096,40.3453
1996.1078,1659.1333,22.1406
2068.5278,730.0189,16.6928
2597.6316,753.2578,17.3547
2840.3926,1324.1161,11.3906
2517.0908,1568.1057,11.5560
2032.6072,1007.9802,10.8203
1696.6542,1446.9955,10.7617
2179.1113,1674.3562,11.0469
2179.0591,1987.0236,10.8203
2063.5339,2471.4036,10.8203
2325.4937,570.6711,7.7813
1435.8024,2662.3647,11.3926 
1457.4762,2773.4868,10.8203 
1739.6390,2803.0569,14.2735 
1870.3096,2785.2471,14.2734 
1959.7142,2754.6863,10.8203 
2314.2556,2759.4504,10.8203 
2216.5674,2715.0334,10.8130 
2101.4192,2678.7874,10.8130 
1951.1090,2660.3877,10.8203 
1666.6949,2604.9861,10.8203 
2808.3367,2421.5107,11.0625 
2633.3203,2349.7061,10.6719 
2606.6348,2161.7490,10.8203 
2616.5286,2100.6226,10.8158 
2491.8816,2397.9370,10.8203 
2531.7891,2530.3223,21.8750 
2340.6677,2530.4324,10.8203 
2097.6855,2491.3313,14.8390 
1893.1000,2423.2412,11.1782 
1698.9330,2241.8320,10.8203 
1479.4559,2249.0769,11.0234 
1298.1548,2083.4016,10.8127 
1117.8785,2304.1514,10.8203 
1108.9878,1705.8639,10.8203 
1423.9780,1034.4188,10.8203 
1537.4377,752.0641,11.0234 
1917.9590,702.6984,11.1328 
2089.4785,658.0414,11.2707 
2489.8286,928.3251,10.8280 
2697.4717,856.4916,9.8360 
2845.6104,1288.1444,11.3906 
2437.9370,1293.1442,10.8203 
2299.5430,1451.4177,10.8203 
2214.3008,2041.9165,10.8203 
2005.9174,2152.0835,10.8203 
2222.1042,1837.4220,10.8203 
2025.6753,1916.4363,12.3382 
2087.9902,1516.5336,10.8203 
2172.1624,1398.7496,11.0625 
2139.1841,987.7975,10.8203 
1860.9672,1030.2910,10.8203 
1673.2345,1316.1067,10.8203 
1412.6187,2000.0596,14.7396